415 23
330 21
100000 3
415 23
554 23
440 40
100000 55
370 23
311 23
370 24
494 23
415 47
370 23
330 20
100000 52
330 23
277 23
370 47
277 31
100000 64
370 23
330 18
100000 6
415 46
100000 1
370 31
100000 17
415 18
100000 6
330 22
100000 1
415 23
554 23
440 39
100000 56
370 23
100000 1
311 24
370 22
100000 2
494 23
415 47
370 22
100000 1
330 18
100000 29
330 16
100000 8
330 21
100000 3
277 21
100000 3
370 47
277 33
100000 15
370 16
100000 8
370 12
100000 12
370 23
330 15
100000 9
415 43
100000 5
370 35
