493 10
1 10
622 10
493 10
1 10
739 10
493 10
1 10
622 10
493 10
1 10
739 10
493 10
1 10
622 10
493 10
1 10
739 10
493 10
1 10
622 10
493 10
1 10
739 10
493 10
1 10
622 10
493 10
1 10
739 10
493 10
1 10
622 10
493 10
1 10
739 10
493 10
1 10
622 10
493 10
1 10
739 10
493 10
1 10
622 10
493 10
1 10
739 10
493 10
1 10
659 10
493 10
1 10
783 10
493 10
1 10
659 10
493 10
1 10
783 10
493 10
1 10
659 10
493 10
1 10
783 10
493 10
1 10
659 10
493 10
1 10
783 10
493 10
1 10
659 10
493 10
1 10
783 10
493 10
1 10
659 10
493 10
1 10
783 10
493 10
1 10
659 10
493 10
1 10
783 10
493 10
1 10
659 10
493 10
1 10
783
493 10
1 10
622 10
493 10
1 10
739 10
493 10
1 10
622 10
493 10
1 10
739 10
493 10
1 10
622 10
493 10
1 10
739 10
493 10
1 10
622 10
493 10
1 10
739 10
493 10
1 10
622 10
493 10
1 10
739 10
493 10
1 10
622 10
493 10
1 10
739 10
493 10
1 10
622 10
493 10
1 10
739 10
493 10
1 10
622 10
493 10
1 10
739 10
493 10
1 10
659 10
493 10
1 10
783 10
493 10
1 10
659 10
493 10
1 10
783 10
493 10
1 10
659 10
493 10
1 10
783 10
493 10
1 10
659 10
493 10
1 10
783 10
493 10
1 10
659 10
493 10
1 10
783 10
493 10
1 10
659 10
493 10
1 10
783 10
493 10
1 10
659 10
493 10
1 10
783 10
493 10
1 10
659 10
493 10
1 10
783
493 10
1 10
987 10
493 10
1 10
880 10
493 10
1 10
830 10
493 10
1 10
880 10
493 10
1 10
830 10
493 10
739 10
493 10
830 10
493 10
659 10
493 10
739 10
492 10
622 10
493 10
659 10
493 10
622 10
493 10
659 10
493 10
622 10
493 10
659 10
493 10
622 10
493 10
1 10
987 10
493 10
1 10
880 10
493 10
1 10
830 10
493 10
1 10
880 10
493 10
1 10
830 10
493 10
739 10
493 10
830 10
493 10
659 10
493 10
739 10
492 10
622 10
493 10
659 10
493 10
622 10
493 10
659 10
493 10
622 10
493 10
659 10
493 10
622 10
493 10
1 10
987 10
493 10
1 10
880 10
493 10
1 10
830 10
493 10
1 10
880 10
493 10
1 10
830 10
493 10
739 10
493 10
830 10
493 10
659 10
493 10
739 10
492 10
622 10
493 10
659 10
493 10
622 10
493 10
659 10
493 10
622 10
493 10
659 10
493 10
622 10
493 10
1 10
987 10
493 10
1 10
880 10
493 10
1 10
830 10
493 10
1 10
880 10
493 10
1 10
830 10
493 10
739 10
493 10
830 10
493 10
659 10
493 10
739 10
492 10
622 10
493 10
659 10
493 10
622 10
493 10
659 10
493 10
622 10
493 10
659 10
493 10
622 10
