659 10
100000 5
659 10
100000 19
659 10
100000 19
523 10
100000 5
659 10
100000 19
784 10
100000 105
523 10
100000 33
392 10
100000 33
330 10
100000 33
440 10
100000 19
494 10
100000 19
466 10
100000 5
440 10
100000 19
392 10
100000 10
659 10
100000 10
784 10
100000 10
880 10
100000 19
698 10
100000 5
784 10
100000 19
659 10
100000 19
523 10
100000 5
587 10
100000 5
494 10
100000 33
523 10
100000 33
392 10
100000 33
330 10
100000 33
440 10
100000 19
494 10
100000 19
466 10
100000 5
440 10
100000 19
392 10
100000 10
659 10
100000 10
784 10
100000 10
880 10
100000 19
698 10
100000 5
784 10
100000 19
659 10
100000 19
523 10
100000 5
587 10
100000 5
494 10
100000 62
784 10
100000 5
740 10
100000 5
698 10
100000 5
622 10
100000 19
659 10
100000 19
415 10
100000 5
440 10
100000 5
523 10
100000 19
440 10
100000 5
523 10
100000 5
587 10
100000 33
784 10
100000 5
740 10
100000 5
698 10
100000 5
622 10
100000 19
659 10
100000 19
1047 10
100000 19
1047 10
100000 5
1047 10
100000 76
784 10
100000 5
740 10
100000 5
698 10
100000 5
622 10
100000 19
659 10
100000 19
415 10
100000 5
440 10
100000 5
523 10
100000 19
440 10
100000 5
523 10
100000 5
587 10
100000 33
622 10
100000 33
587 10
100000 33
523 10
